5.050000000000000000e+02 7.200000000000000000e+01
6.190000000000000000e+02 1.770000000000000000e+02
8.290000000000000000e+02 1.720000000000000000e+02
1.189000000000000000e+03 1.030000000000000000e+02
4.300000000000000000e+02 4.950000000000000000e+02
4.380000000000000000e+02 5.760000000000000000e+02
7.870000000000000000e+02 5.520000000000000000e+02
1.057000000000000000e+03 5.330000000000000000e+02
1.186000000000000000e+03 4.370000000000000000e+02
6.600000000000000000e+02 4.570000000000000000e+02
7.530000000000000000e+02 4.300000000000000000e+02
7.770000000000000000e+02 4.060000000000000000e+02
9.070000000000000000e+02 3.010000000000000000e+02
1.277000000000000000e+03 5.570000000000000000e+02
1.276000000000000000e+03 5.870000000000000000e+02
1.271000000000000000e+03 6.150000000000000000e+02
4.996838825731230145e+02 8.015267539027427119e+02
8.892724881921875522e+02 8.039032836230223893e+02
8.490967323815424379e+02 8.168599422729168964e+02
8.907342384672289199e+02 8.173869073964010568e+02
5.256103888200406118e+02 8.417464481720810454e+02
5.842181428144639312e+02 8.416225609833204544e+02
6.270354669065112603e+02 8.391008787494150738e+02
6.731732195810517396e+02 8.420909908920193629e+02
7.137833215044448707e+02 8.429341202705521710e+02
7.590863175590230867e+02 8.430429661319692514e+02
8.023875574583643129e+02 8.420574998577371844e+02
8.481730615112734313e+02 8.428131227949265849e+02
8.931187704700361110e+02 8.433031885045334093e+02
5.238107643938338924e+02 8.694687999895672874e+02
5.839610324406604605e+02 8.686057389999240286e+02
6.263348226140946053e+02 8.673024783760542959e+02
6.714257581816915490e+02 8.668559806490976598e+02
7.166333196076074046e+02 8.670192864888275608e+02
7.608847564618923798e+02 8.689433908654635843e+02
8.048198067755027978e+02 8.696223993569720960e+02
3.229222047730750091e+02 8.801885983873720534e+02
3.508131972853095704e+02 8.797502511333602797e+02
3.259388430003540407e+02 8.875807809674502096e+02
3.457061850333210486e+02 8.888295075177985609e+02
5.761749366140190887e+01 8.117830126756155096e+02
2.925129152888257522e+01 8.568774307180160577e+02
