5.100000000000000000e+02 3.800000000000000000e+01
6.250000000000000000e+02 1.480000000000000000e+02
8.360000000000000000e+02 1.450000000000000000e+02
1.197000000000000000e+03 8.100000000000000000e+01
4.330000000000000000e+02 4.650000000000000000e+02
4.410000000000000000e+02 5.460000000000000000e+02
7.850000000000000000e+02 5.250000000000000000e+02
1.050000000000000000e+03 5.110000000000000000e+02
1.181000000000000000e+03 4.180000000000000000e+02
6.610000000000000000e+02 4.310000000000000000e+02
7.550000000000000000e+02 4.050000000000000000e+02
7.790000000000000000e+02 3.810000000000000000e+02
9.100000000000000000e+02 2.770000000000000000e+02
1.266000000000000000e+03 5.370000000000000000e+02
1.264000000000000000e+03 5.650000000000000000e+02
1.258000000000000000e+03 5.930000000000000000e+02
8.629627615264481619e+02 8.709009121811732257e+02
1.251523222031133173e+03 8.775698514302152944e+02
1.211074351281629788e+03 8.902083452544291049e+02
1.250014199013012330e+03 8.911266071744710189e+02
8.940419967690535259e+02 9.128541379506568774e+02
9.519631104654837372e+02 9.134111857288280589e+02
9.964635072206273207e+02 9.138527931720177548e+02
1.039542165113367446e+03 9.155585389689424574e+02
1.081925958139961040e+03 9.156124802807951255e+02
1.123661418091402084e+03 9.167942988577876804e+02
1.167307497091515870e+03 9.159819930860278419e+02
1.213129011415799141e+03 9.169921330647200648e+02
1.255992496822797420e+03 9.184918200865589597e+02
8.975335111881787498e+02 9.432848178324838955e+02
9.548805352084622200e+02 9.428317997271715285e+02
9.980140235555583104e+02 9.436838205307350336e+02
1.042285614306579191e+03 9.454045335597945723e+02
1.087209242893182818e+03 9.463974093548855535e+02
1.130754700600032720e+03 9.468193074725907081e+02
1.173241930537816643e+03 9.460147076025240267e+02
3.982760686702538351e+02 8.564553844098938953e+02
4.247313924208702929e+02 8.579135040197144235e+02
4.005976197457605394e+02 8.669666788907294404e+02
4.199240952876237998e+02 8.669670493667723576e+02
4.515608228796519370e+02 8.823060912584251128e+02
4.408478412410373721e+02 9.299942861726880210e+02
