-1.113810539245605469e+00 2.380971193313598633e+00 1.011047005653381348e+00
1.186340749263763428e-01 2.536794185638427734e+00 1.015028953552246094e+00
2.660304307937622070e-03 2.550497770309448242e+00 9.587830305099487305e-01
1.170942187309265137e-01 2.548513174057006836e+00 9.525269269943237305e-01
-1.016143798828125000e+00 2.404408216476440430e+00 8.901289701461791992e-01
-8.407564163208007812e-01 2.423935174942016602e+00 8.905319571495056152e-01
-6.988444328308105469e-01 2.435650110244750977e+00 8.934293985366821289e-01
-5.673189163208007812e-01 2.454779148101806641e+00 8.931137323379516602e-01
-4.292768239974975586e-01 2.466499328613281250e+00 8.933349251747131348e-01
-2.973849773406982422e-01 2.489934206008911133e+00 8.905639648437500000e-01
-1.532554626464843750e-01 2.505556106567382812e+00 8.927613496780395508e-01
-2.083826065063476562e-02 2.525079250335693359e+00 8.951116204261779785e-01
1.152722388505935669e-01 2.532890319824218750e+00 8.960755467414855957e-01
-1.016143798828125000e+00 2.404408216476440430e+00 8.132410049438476562e-01
-8.407564163208007812e-01 2.423935174942016602e+00 8.184226751327514648e-01
-6.988444328308105469e-01 2.435650110244750977e+00 8.174812197685241699e-01
-5.673189163208007812e-01 2.454779148101806641e+00 8.192270994186401367e-01
-4.292768239974975586e-01 2.466499328613281250e+00 8.194433450698852539e-01
-2.973849773406982422e-01 2.489934206008911133e+00 8.192036151885986328e-01
-1.551634073257446289e-01 2.505556106567382812e+00 8.158733844757080078e-01
-7.892012596130371094e+00 1.578252506256103516e+01 2.162785530090332031e+00
-7.363821983337402344e+00 1.579060745239257812e+01 2.167876958847045898e+00
-7.818649291992187500e+00 1.578962326049804688e+01 2.008988857269287109e+00
-7.412191867828369141e+00 1.577962779998779297e+01 2.005525588989257812e+00
-2.313998460769653320e+00 1.917782545089721680e+00 8.199537396430969238e-01
-2.348557233810424805e+00 1.990776896476745605e+00 9.354419708251953125e-01
